   Dados de problemas de afectacao generalizada.
   
   O formato do ficheiro de dados z o seguinte:
           numero de agentes (m), numero de tarefas (n)
    	   para cada agente i (i=1,...,m):
           	custo de afectar a tarefa j ao agente i (j=1,...,n)
    	   para cada agente i (i=1,...,m):
        	recursos consumidos na afectacao da tarefa j ao agente i (j=1,...,n)
    		capacidade do agente i (i=1,...,m)

 Problema 1
 5 15
 17 21 22 18 24 15 20 18 19 18 16 22 24 24 16
 23 16 21 16 17 16 19 25 18 21 17 15 25 17 24
 16 20 16 25 24 16 17 19 19 18 20 16 17 21 24
 19 19 22 22 20 16 19 17 21 19 25 23 25 25 25
 18 19 15 15 21 25 16 16 23 15 22 17 19 22 24
 8 15 14 23 8 16 8 25 9 17 25 15 10 8 24
 15 7 23 22 11 11 12 10 17 16 7 16 10 18 22
 21 20 6 22 24 10 24 9 21 14 11 14 11 19 16
 20 11 8 14 9 5 6 19 19 7 6 6 13 9 18
 8 13 13 13 10 20 25 16 16 17 10 10 5 12 23
 36 34 38 27 33
 

 Problema 2
 8 24
 25 23 20 16 19 22 20 16 15 22 15 21 20 23 20 22 19 25 25 24 21 17 23 17
 16 19 22 22 19 23 17 24 15 24 18 19 20 24 25 25 19 24 18 21 16 25 15 20
 20 18 23 23 23 17 19 16 24 24 17 23 19 22 23 25 23 18 19 24 20 17 23 23
 16 16 15 23 15 15 25 22 17 20 19 16 17 17 20 17 17 18 16 18 15 25 22 17
 17 23 21 20 24 22 25 17 22 20 16 22 21 23 24 15 22 25 18 19 19 17 22 23
 24 21 23 17 21 19 19 17 18 24 15 15 17 18 15 24 19 21 23 24 17 20 16 21
 18 21 22 23 22 15 18 15 21 22 15 23 21 25 25 23 20 16 25 17 15 15 18 16
 19 24 18 17 21 18 24 25 18 23 21 15 24 23 18 18 23 23 16 20 20 19 25 21
 8 18 22 5 11 11 22 11 17 22 11 20 13 13 7 22 15 22 24 8 8 24 18 8
 24 14 11 15 24 8 10 15 19 25 6 13 10 25 19 24 13 12 5 18 10 24 8 5
 22 22 21 22 13 16 21 5 25 13 12 9 24 6 22 24 11 21 11 14 12 10 20 6
 13 8 19 12 19 18 10 21 5 9 11 9 22 8 12 13 9 25 19 24 22 6 19 14
 25 16 13 5 11 8 7 8 25 20 24 20 11 6 10 10 6 22 10 10 13 21 5 19
 19 19 5 11 22 24 18 11 6 13 24 24 22 6 22 5 14 6 16 11 6 8 18 10
 24 10 9 10 6 15 7 13 20 8 7 9 24 9 21 9 11 19 10 5 23 20 5 21
 6 9 9 5 12 10 16 15 19 18 20 18 16 21 11 12 22 16 21 25 7 14 16 10
 36 35 38 34 32 34 31 34

 Problema 3
 10 40
 17 21 25 19 24 22 24 20 23 15 16 17 23 21 20 21 22 19 24 22 16 23 24 16 24 15 17 17 19 19 25 18 21 15 21 23 18 21 19 16
 16 16 18 15 16 22 20 24 25 23 20 25 15 16 22 19 22 16 23 18 21 24 22 22 17 25 15 24 16 16 18 20 15 15 16 24 16 20 17 21
 25 24 24 18 20 19 25 17 19 19 22 18 19 19 24 22 22 20 16 25 19 25 19 21 20 24 20 20 15 24 23 23 17 15 24 20 23 19 19 22
 21 18 19 21 23 15 17 19 25 25 15 20 18 18 15 21 22 16 25 17 17 16 15 17 24 25 24 22 23 24 20 17 20 16 24 18 21 22 20 16
 23 22 15 17 25 25 24 20 21 23 17 23 21 18 18 22 18 15 15 21 19 24 16 19 20 16 23 17 15 24 15 24 19 21 17 16 16 22 16 24
 19 17 19 24 25 23 19 15 22 23 15 22 19 19 17 16 22 19 20 22 25 15 24 24 24 22 22 19 21 23 24 17 23 17 20 22 20 25 19 20
 17 25 23 21 21 16 18 19 20 19 17 21 23 16 19 23 23 18 24 15 19 22 25 21 19 17 25 18 22 21 16 15 20 15 19 24 25 18 15 21
 15 23 18 15 24 18 16 24 25 24 17 25 21 22 22 18 20 16 16 23 23 23 15 24 20 20 18 25 16 22 20 23 15 17 19 16 18 16 16 23
 18 23 24 21 18 16 18 24 16 21 21 23 25 17 19 20 17 15 23 16 24 21 22 15 19 22 22 17 25 21 16 15 21 20 25 21 16 17 15 21
 21 16 17 18 18 23 18 22 24 22 21 17 24 25 24 15 25 17 15 19 20 20 25 25 18 25 17 21 21 15 24 16 24 17 22 15 22 19 24 17
 9 14 23 14 12 6 15 16 15 12 14 18 9 22 8 23 6 19 6 8 8 15 7 16 24 5 18 16 13 13 11 7 19 19 15 21 20 18 11 8
 21 24 24 19 14 22 9 24 19 24 11 23 18 22 9 9 14 15 21 5 25 5 20 13 7 6 8 16 21 22 5 18 10 20 8 9 14 9 5 22
 18 12 6 14 17 7 24 20 19 10 13 25 23 7 6 9 17 9 6 21 24 13 18 5 21 21 15 11 15 15 15 18 21 9 22 8 8 18 13 12
 23 7 9 13 7 17 14 10 17 9 11 22 25 19 12 5 20 5 24 22 7 11 24 19 8 15 9 21 11 9 15 12 18 25 8 14 20 21 22 8
 7 8 13 10 12 25 7 5 14 17 16 15 10 9 6 16 6 23 23 10 16 5 16 11 23 15 6 13 12 21 10 15 21 12 14 14 24 22 13 5
 17 9 22 8 19 8 7 11 14 14 17 23 25 21 12 20 8 20 9 5 8 16 16 23 22 20 17 21 11 12 9 15 21 17 13 18 23 6 8 20
 14 12 24 12 14 5 24 11 13 21 15 18 14 18 5 11 21 16 5 17 6 10 21 11 13 24 13 25 10 21 11 22 11 16 15 17 21 11 21 24
 22 20 21 12 17 24 21 7 9 23 13 11 19 17 17 20 14 10 11 16 8 7 21 16 24 9 16 15 10 23 10 13 9 6 18 23 19 22 13 18
 6 11 16 17 6 8 18 24 19 9 18 18 7 13 11 20 19 22 19 20 14 10 6 6 25 7 8 18 19 17 6 25 13 12 22 23 8 12 5 19
 7 14 11 6 11 25 18 10 9 10 13 23 12 17 11 14 12 19 20 8 8 8 20 25 19 21 25 23 23 11 19 13 21 25 20 22 16 8 24 20
 44 48 46 47 43 48 49 49 46 51


 Problema 4
 10 60
 25 18 23 22 24 16 17 21 22 23 23 25 20 17 25 24 23 23 15 25 20 24 18 21 19 15 20 17 20 17 22 24 15 17 16 20 19 24 20 20 25 17 23 19 18 16 16 20 19 20 16 19 20 22 16 24 19 22 15 21
 16 17 22 15 18 22 17 15 23 18 25 21 21 23 17 21 17 25 21 21 15 18 24 25 19 21 19 22 21 18 16 21 21 25 15 25 18 18 19 17 22 15 19 16 17 18 20 16 16 16 17 24 18 22 18 16 23 21 18 15
 21 16 21 17 15 19 25 22 25 18 18 23 24 22 19 20 21 25 16 17 24 16 19 17 17 16 16 24 16 17 23 24 20 23 17 17 25 22 19 24 24 18 21 20 16 20 25 23 21 18 17 23 24 23 15 21 25 24 22 16
 22 15 25 24 25 20 16 17 15 20 19 23 17 20 24 25 24 23 22 20 23 24 23 24 25 19 15 25 19 15 19 18 19 18 25 17 22 15 25 17 15 20 22 23 17 21 16 22 21 20 23 23 23 23 22 18 22 18 18 24
 21 20 25 23 23 23 18 22 24 20 23 15 20 19 21 18 24 17 15 17 21 21 19 24 24 15 24 21 24 23 25 17 23 17 18 19 20 25 25 21 20 23 16 25 24 24 22 24 22 23 20 19 19 16 17 15 19 23 22 25
 15 16 15 15 24 25 19 22 15 23 21 19 16 21 16 15 21 17 23 20 25 23 25 16 15 20 15 18 25 19 20 18 16 22 21 23 22 21 25 19 18 19 16 22 15 15 22 21 16 21 23 19 20 24 18 17 18 17 19 16
 15 17 15 21 21 17 15 21 25 25 17 16 15 19 18 25 18 16 21 21 21 20 24 21 15 15 21 25 24 22 20 15 21 25 22 18 15 21 15 22 15 23 23 17 16 16 18 21 17 25 19 20 25 25 25 17 23 25 16 23
 22 16 25 22 20 18 23 18 22 25 17 15 15 23 20 22 19 15 20 23 16 21 21 25 17 18 18 15 24 17 21 22 23 15 16 23 20 17 16 15 21 16 21 23 16 24 15 21 22 18 20 19 18 22 20 20 19 16 18 22
 18 16 16 24 21 19 25 19 23 22 16 22 20 17 23 23 15 19 23 15 21 17 22 20 21 15 23 15 21 15 22 25 18 19 21 25 15 15 15 24 22 19 17 22 25 16 25 19 24 24 16 15 21 24 18 18 25 18 20 25
 21 15 19 24 21 16 23 19 22 24 20 19 20 20 21 23 19 15 23 15 17 22 20 16 23 17 20 24 21 16 17 19 16 24 17 21 16 20 23 22 20 20 20 18 15 19 25 22 21 19 18 23 15 16 24 20 19 25 15 17
 16 25 23 24 19 17 17 16 18 17 12 10 24 25 6 18 17 6 10 10 6 11 8 25 22 18 18 12 17 5 16 8 17 15 22 13 13 15 10 25 15 18 20 25 6 18 15 24 9 16 7 15 24 9 18 12 9 19 22 16
 10 7 20 18 19 7 8 8 18 7 8 16 14 11 20 17 5 6 17 19 21 20 10 5 25 15 5 16 19 11 14 13 12 22 18 13 6 8 17 5 5 23 23 11 12 17 17 19 21 24 15 11 23 11 18 6 21 8 24 14
 5 5 13 22 5 25 9 9 14 8 11 8 13 10 16 12 5 20 19 16 13 19 18 8 18 6 23 9 12 12 21 11 13 8 17 16 12 14 22 13 12 16 24 7 18 17 8 17 17 25 22 16 20 13 12 22 12 14 8 18
 25 19 15 7 21 16 23 10 24 14 19 17 10 14 25 21 13 6 8 8 15 13 20 19 11 7 18 6 13 9 13 7 16 23 9 7 6 7 13 7 16 8 21 14 16 25 22 7 10 13 17 23 6 19 22 15 14 10 23 25
 25 20 25 13 7 6 11 7 12 17 18 23 16 25 21 9 19 20 13 24 24 9 17 20 19 13 6 18 11 8 5 6 17 11 9 8 16 16 24 12 5 12 15 14 10 8 21 13 17 16 18 7 15 22 5 9 22 12 25 11
 23 8 15 7 15 7 12 10 17 13 13 11 21 23 21 8 10 17 15 25 10 13 10 18 18 9 11 22 18 24 24 18 21 22 19 17 23 25 16 5 11 7 10 18 5 7 19 12 9 23 25 17 13 11 10 6 5 19 22 24
 25 19 24 20 18 6 8 16 22 14 22 8 15 13 15 12 21 20 13 16 12 20 7 18 19 24 9 7 10 11 17 17 11 21 25 5 18 9 22 22 11 9 14 7 13 13 22 20 15 17 20 8 21 8 5 25 21 19 10 8
 18 24 20 8 19 21 23 6 20 23 23 9 7 23 20 7 6 11 23 16 17 24 23 19 14 13 15 22 13 16 6 14 20 11 13 19 17 12 6 23 13 25 23 12 17 5 24 25 11 10 25 25 22 12 12 10 8 8 18 14 
 18 10 9 23 17 13 15 13 8 5 15 6 15 12 8 23 7 22 10 9 14 24 8 11 7 20 24 6 22 20 6 18 8 10 6 22 18 18 5 7 13 25 7 15 18 15 19 7 23 11 7 6 9 15 7 12 9 20 11 23
 22 20 10 16 24 22 15 5 25 24 11 8 7 20 24 6 19 13 14 8 18 6 16 21 6 16 14 21 18 5 15 21 7 10 20 18 22 14 12 18 17 9 14 12 17 22 8 16 13 12 6 20 20 6 9 22 13 20 24 19
 75 68 67 70 70 72 73 77 64 72
